=== P1 TC ===
case =1
input =5
1 1 1 1 1
1 0 0 0 1
0 0 0 0 0
0 0 1 0 0
1 1 1 1 1
output =2

case =2
input =7
1 1 1 1 1 1 1
1 1 1 1 1 1 1
1 0 0 0 0 0 1
0 0 0 0 0 0 0
0 0 0 0 0 0 0
0 0 1 1 1 0 0
0 0 1 1 1 0 0
output =3

case =3
input =8
1 1 1 1 1 0 0 0
1 1 1 1 0 0 0 0
1 1 0 0 0 0 0 0
1 0 0 0 0 0 0 1
1 0 0 0 0 0 1 1
1 1 0 0 0 0 0 1
1 1 0 0 0 0 0 0
1 1 1 1 0 0 0 0
output =5

case =4
input =9
1 1 1 1 0 0 0 0 0
1 1 1 0 0 0 0 0 0
1 1 0 0 0 0 0 0 0
1 0 0 0 0 0 0 0 0
0 0 0 0 0 0 0 0 0
0 0 0 0 0 0 0 0 0
0 0 0 0 0 0 0 0 1
0 0 0 0 0 0 0 1 1
0 0 0 0 0 0 1 1 1
output =10

case =5
input =9
1 1 1 1 1 0 0 0 0
1 0 1 1 0 0 0 0 0
1 1 1 0 0 0 0 0 0
1 0 0 0 0 0 0 0 0
0 0 0 0 0 0 0 0 0
0 0 0 0 0 0 0 0 0
0 0 0 0 0 1 1 1 1
0 0 0 0 1 0 1 0 0
0 0 0 0 1 1 1 1 1
output =6

case =6
input =11
1 1 1 1 1 1 1 1 1 0 0
0 1 0 0 0 0 1 1 0 0 0
1 1 1 0 1 1 1 0 0 0 0
0 1 0 1 1 0 0 0 0 0 0
1 1 0 1 0 0 0 0 0 1 1
0 0 0 0 0 0 0 0 1 1 0
0 0 0 0 0 0 0 0 1 0 0
0 0 0 0 0 0 0 1 1 1 1
0 0 0 0 0 0 0 1 0 1 0
0 0 0 0 0 0 0 1 1 1 0
0 0 0 0 0 0 1 1 0 0 0
output =4

case =7
input =11
1 1 1 1 1 1 1 1 1 1 1
1 0 1 0 1 0 1 0 1 0 1
0 0 0 0 0 0 0 0 0 0 0
0 0 0 0 0 0 0 0 0 0 0
0 0 0 0 0 0 0 0 0 0 0
0 0 0 0 0 0 0 0 0 0 0
0 0 0 0 0 0 0 0 0 0 0
0 0 0 0 0 0 0 0 0 0 0
0 0 0 0 0 0 0 0 0 0 0
0 1 0 1 0 1 0 1 0 1 0
1 1 1 1 1 1 1 1 1 1 1
output =8

case =8
input =11
1 1 0 0 0 0 0 0 0 1 1
0 1 1 0 0 0 0 0 1 1 0
0 0 1 1 0 0 0 1 1 0 0
0 0 0 1 1 0 1 1 0 0 0
0 0 0 0 1 1 1 0 0 0 0
0 0 0 0 0 0 0 0 0 0 0
0 0 0 0 1 1 1 0 0 0 0
0 0 0 1 1 0 1 1 0 0 0
0 0 1 1 0 0 0 1 1 0 0
0 1 1 0 0 0 0 0 1 1 0
1 1 0 0 0 0 0 0 0 1 1
output =1


=== P2 TC ===
case =1
input =6
-1 -1 -1 -1 -1 -1
-1 -1 -1 -1 -1 -1
-1 -1 -1 -1 -1 -1
-1 35 -1 -1 13 -1
-1 -1 -1 -1 -1 -1
-1 15 -1 -1 -1 -1
output =4

case =2
input =8
-1 -1 3 4 5 6 -1 -1
-1 -1 -1 -1 -1 -1 -1 -1
2 -1 -1 -1 -1 -1 -1 -1
-1 1 -1 -1 -1 17 -1 45
-1 -1 -1 -1 -1 -1 -1 -1
-1 -1 -1 -1 38 -1 -1 13
-1 -1 -1 -1 -1 -1 -1 -1
-1 -1 15 -1 -1 -1 -1 -1
output =7

case =3
input =8
-1 -1 11 1 4 -1 -1 -1
-1 -1 -1 -1 -1 -1 21 -1
-1 -1 -1 61 -1 -1 -1 -1
-1 -1 -1 -1 -1 -1 -1 -1
-1 45 -1 14 -1 -1 12 -1
-1 -1 1 -1 -1 -1 -1 -1
-1 -1 -1 -1 -1 -1 -1 -1
-1 -1 24 -1 -1 -1 -1 48
output =5

case =4
input =10
-1 -1 -1 6 5 4 3 2 1 -1
-1 -1 -1 18 -1 -1 -1 -1 -1 -1
-1 -1 -1 -1 -1 -1 92 -1 -1 -1
-1 -1 32 -1 -1 -1 19 -1 -1 -1
-1 -1 -1 -1 99 -1 -1 -1 -1 -1
-1 2 -1 -1 12 -1 -1 -1 -1 63
-1 -1 -1 -1 -1 -1 -1 -1 -1 -1
-1 -1 15 -1 -1 38 -1 -1 48 -1
-1 -1 -1 -1 -1 -1 -1 -1 90 -1
-1 -1 11 -1 -1 -1 -1 -1 -1 -1
output =8

case =5
input =10
-1 -1 -1 6 5 4 3 2 1 -1
-1 -1 -1 18 -1 -1 -1 -1 98 -1
-1 -1 -1 -1 -1 -1 91 -1 -1 -1
-1 -1 23 -1 -1 -1 19 -1 -1 -1
-1 -1 -1 -1 68 -1 -1 -1 -1 -1
-1 2 -1 -1 16 -1 -1 35 -1 13
-1 -1 -1 -1 -1 -1 -1 -1 -1 -1
-1 -1 15 -1 -1 38 -1 -1 48 -1
-1 -1 -1 -1 -1 -1 -1 -1 91 -1
-1 -1 11 -1 -1 -1 -1 -1 -1 -1
output =12

case =6
input =11
-1 -1 -1 2 -1 4 -1 4 -1 6 -1
-1 12 -1 14 -1 15 -1 -1 18 -1 -1
-1 -1 -1 42 -1 -1 -1 74 -1 -1 -1
-1 -1 1 -1 -1 91 -1 -1 -1 -1 102
-1 -1 -1 -1 -1 -1 -1 -1 -1 92 -1
-1 61 -1 -1 81 -1 -1 -1 3 -1 -1
-1 -1 -1 -1 76 -1 -1 -1 32 -1 -1
-1 -1 42 -1 -1 -1 -1 -1 54 -1 -1
-1 -1 -1 6 -1 -1 -1 -1 -1 24 -1
-1 -1 -1 -1 -1 -1 -1 -1 -1 31 -1
-1 -1 12 -1 -1 -1 -1 -1 -1 -1 -1
output =10
