=== P1 TC ===
case =1
input =9
1 2 3 5 6 7 9 10 12
output =[1->3, 5->7, 9->10, 12]

case =2
input =5
1 2 4 5 7
output =[1->2, 4->5, 7]

case =3
input =10
1 2 4 51 52 53 92 93 94 95
output =[1->2, 4, 51->53, 92->95]

case =4
input =17
1 2 3 5 78 90 91 95 96 98 99 123 124 125 567 568 569
output =[1->3, 5, 78, 90->91, 95->96, 98->99, 123->125, 567->569]

case =5
input =24
2 3 4 5 6 8 9 10 11 19 20 21 22 23 42 43 44 45 50 51 52 55 56 57
output =[2->6, 8->11, 19->23, 42->45, 50->52, 55->57]

case =6
input =53
2 3 4 5 6 8 9 10 11 19 20 21 22 23 42 43 44 45 50 51 52 55 57 101 102 105 106 107 108 120 132 133 134 135 136 141 145 146 147 256 257 258 291 292 293 304 305 306 307 308 309 390 391
output =[2->6, 8->11, 19->23, 42->45, 50->52, 55, 57, 101->102, 105->108, 120, 132->136, 141, 145->147, 256->258, 291->293, 304->309, 390->391]

case =7
input =19
2 3 4 5 6 7 8 9 10 11 19 20 21 22 23 42 43 44 45
output =[2->11, 19->23, 42->45]

case =8
input =60
1 2 3 4 5 6 7 8 9 10 11 12 13 14 15 16 17 18 19 20 21 22 23 24 25 26 27 28 29 30 31 32 33 34 35 36 37 38 39 40 41 42 43 44 45 46 47 48 49 50 51 52 53 54 55 56 57 58 59 60
output =[1->60]


=== P2 TC ===
case =1
input =9 0 20
0 1 2 3 4 5 8 9 10
output =[6:7, 11:20]

case =2
input =14 -50 50
-48 -47 -35 -20 -19 0 21 22 23 25 26 39 43 47
output =[-50:-49, -46:-36, -34:-21, -18:-1, 1:20, 24, 27:38, 40:42, 44:46, 48:50]

case =3
input =5 0 99
0 1 3 50 75
output =[2, 4:49, 51:74, 76:99]

case =4
input =12 0 600
1 2 3 5 78 90 123 445 567 568 569 571
output =[0, 4, 6:77, 79:89, 91:122, 124:444, 446:566, 570, 572:600]

case =5
input =15 -100 -1
-76 -75 -60 -59 -58 -50 -49 -47 -46 -29 -16 -15 -14 -11 -2
output =[-100:-77, -74:-61, -57:-51, -48, -45:-30, -28:-17, -13:-12, -10:-3, -1]

case =6
input =39 1 150
2 3 4 5 6 8 9 10 11 19 20 21 22 23 42 43 44 45 50 51 52 55 57 101 102 105 106 107 108 120 132 133 134 135 136 141 145 146 147
output =[1, 7, 12:18, 24:41, 46:49, 53:54, 56, 58:100, 103:104, 109:119, 121:131, 137:140, 142:144, 148:150]

case =7
input =20 -200 -50
-186 -185 -159 -158 -157 -130 -129 -128 -116 -108 -107 -106 -105 -94 -92 -91 -79 -77 -63 -62
output =[-200:-187, -184:-160, -156:-131, -127:-117, -115:-109, -104:-95, -93, -90:-80, -78, -76:-64, -61:-50]

case =8
input =53 0 399
2 3 4 5 6 8 9 10 11 19 20 21 22 23 42 43 44 45 50 51 52 55 57 101 102 105 106 107 108 120 132 133 134 135 136 141 145 146 147 256 257 258 291 292 293 304 305 306 307 308 309 390 391
output =[0:1, 7, 12:18, 24:41, 46:49, 53:54, 56, 58:100, 103:104, 109:119, 121:131, 137:140, 142:144, 148:255, 259:290, 294:303, 310:389, 392:399]



=== P3 TC ===

case =1
input =3 4
1 2 3 4
5 1 2 3 
9 5 1 2
output =true

case =2
input =7 8
9 3 2 5 6 8 4 9
7 9 3 2 5 6 8 4
3 7 9 3 2 5 6 8
6 3 7 9 3 2 5 6
8 6 3 7 9 3 2 5
3 8 6 3 7 9 3 2
9 3 8 6 3 7 9 3
output =true

case =3
input =4 4
1 2 3 4
5 1 2 3 
5 6 1 2
5 6 7 1
output =false

case =4
input =5 5
4 2 5 7 3
5 4 2 5 7
6 5 4 2 5
8 6 5 4 2
9 8 6 5 4
output =true

case =5
input =5 6
4 2 5 7 3 2
5 4 2 5 7 2
6 5 4 2 5 7
8 6 5 4 2 5
9 7 6 5 4 2
output =false

case =6
input =6 6
1 2 3 4 5 6 
6 1 2 3 4 5
5 6 1 2 3 4
4 5 6 1 2 3
3 4 5 6 1 2
2 3 4 5 6 1 
output =true

case =7
input =7 8
9 3 2 5 6 8 4 9
7 9 3 2 5 6 8 4
3 7 9 3 2 5 6 8
6 3 7 9 3 2 5 6
8 6 3 7 9 3 2 5
3 8 6 2 7 9 3 2
9 3 8 6 3 7 9 3
output =false

case =8
input =8 9
9 3 2 5 6 8 4 9 2
7 9 3 2 5 6 8 4 9
3 7 9 3 2 5 6 8 4
6 3 7 9 3 2 5 6 8
8 6 3 7 9 3 2 5 6
3 8 6 2 7 9 3 2 5
9 3 8 6 3 7 9 3 2
1 9 3 8 6 3 7 9 3
output =false