=== P1 TC ===
case =1
input =13
output =4

case =2
input =24
output =5

case =3
input =2
output =2

case =4
input =15
output =6

case =5
input =78
output =3

case =6
input =99
output =1

case =7
input =19
output =9

case =8
input =8767
output =1


=== P2 TC ===
case =1
input =3 4
1 0 1 1
0 1 1 1
1 1 0 1
1 3 3
output =1 0 3 3
0 3 3 3
3 3 0 3

case =2
input =3 4
1 0 1 1
0 1 1 1
1 1 0 1
0 0 3
output =3 0 1 1
0 1 1 1
1 1 0 1

case =3
input =6 6
2 2 1 2 2 0
2 2 1 2 1 2
1 1 2 1 2 2
0 1 0 2 2 2
1 2 0 1 1 1
2 2 2 0 0 1
3 3 5
output =2 2 1 2 2 0
2 2 1 2 1 5
1 1 2 1 5 5
0 1 0 5 5 5
1 2 0 1 1 1
2 2 2 0 0 1

case =4
input =6 10
0 2 2 2 2 2 0 0 0 0
2 1 0 0 2 2 2 2 2 2
0 0 1 2 2 0 0 0 2 0
2 1 0 1 2 1 0 2 0 2
0 1 2 0 2 0 1 0 1 1
0 0 2 0 2 0 1 2 2 2
2 8 3
output =0 3 3 3 3 3 0 0 0 0
2 1 0 0 3 3 3 3 3 3
0 0 1 3 3 0 0 0 3 0
2 1 0 1 3 1 0 2 0 2
0 1 2 0 3 0 1 0 1 1
0 0 2 0 3 0 1 2 2 2

case =5
input =15 24
2 4 3 3 0 2 3 2 3 2 1 4 1 1 3 3 4 3 3 3 1 1 3 2
0 4 3 3 1 0 1 3 0 0 2 3 1 1 4 4 3 3 4 1 1 2 1 0
1 4 4 1 3 3 1 3 1 3 2 4 1 1 1 2 4 4 2 4 1 0 2 0
0 2 2 4 0 3 4 3 0 3 3 0 0 1 0 1 1 0 0 2 3 1 4 1
4 0 4 3 2 0 4 1 0 4 3 1 2 2 3 4 4 1 3 3 3 3 2 4
4 3 3 4 2 0 4 4 0 0 4 2 2 3 4 1 0 4 0 1 1 2 1 4
2 3 1 4 1 3 0 0 3 2 4 3 3 2 2 3 3 4 0 4 0 1 2 2
2 4 0 4 2 2 2 3 1 3 4 2 1 3 1 2 2 2 1 4 2 2 2 1
1 4 1 2 1 3 1 3 3 1 3 3 3 3 3 2 1 4 3 1 3 1 3 4
1 4 1 3 1 0 0 4 0 3 4 1 3 2 3 0 1 0 0 1 0 2 0 2
1 0 3 4 3 2 3 3 0 3 0 2 1 2 3 3 3 0 1 3 2 3 3 0
3 1 1 3 2 4 4 2 3 0 2 3 3 4 4 0 2 1 1 3 4 3 1 4
4 1 2 4 1 0 3 3 2 3 3 2 3 4 4 4 3 1 3 3 3 2 1 1
3 4 2 0 2 2 2 2 4 4 0 3 0 0 3 0 1 3 3 2 3 1 0 2
4 1 2 2 0 1 3 1 1 4 3 3 2 3 3 0 2 0 4 0 3 0 4 0
10 16 10
output =2 4 3 3 0 2 3 2 3 2 1 4 1 1 3 3 4 3 3 3 1 1 3 2
0 4 3 3 1 0 1 3 0 0 2 3 1 1 4 4 3 3 4 1 1 2 1 0
1 4 4 1 3 3 1 3 1 3 2 4 1 1 1 2 4 4 2 4 1 0 2 0
0 2 2 4 0 3 4 3 0 3 3 0 0 1 0 1 1 0 0 2 3 1 4 1
4 0 4 3 2 0 4 1 0 4 3 1 2 2 3 4 4 1 3 3 3 3 2 4
4 3 3 4 2 0 4 4 0 0 4 2 2 3 4 1 0 4 0 1 1 2 1 4
2 3 1 4 1 3 0 0 3 2 4 3 3 2 2 3 3 4 0 4 0 1 2 2
2 4 0 4 2 2 2 3 1 3 4 2 1 10 1 2 2 2 1 4 2 2 2 1
1 4 1 2 1 3 1 3 3 1 10 10 10 10 10 2 1 4 3 1 3 1 3 4
1 4 1 3 1 0 0 4 0 3 4 1 10 2 10 0 1 0 0 1 0 2 0 2
1 0 3 4 3 2 3 3 0 3 0 2 1 2 10 10 10 0 1 3 2 3 3 0
3 1 1 3 2 4 4 2 3 0 2 3 3 4 4 0 2 1 1 3 4 3 1 4
4 1 2 4 1 0 3 3 2 3 3 2 3 4 4 4 3 1 3 3 3 2 1 1
3 4 2 0 2 2 2 2 4 4 0 3 0 0 3 0 1 3 3 2 3 1 0 2
4 1 2 2 0 1 3 1 1 4 3 3 2 3 3 0 2 0 4 0 3 0 4 0

case =6
input =15 15
1 1 2 2 2 2 1 2 1 0 2 0 2 0 2
1 0 2 0 2 1 1 2 0 2 1 1 2 1 1
0 0 2 0 0 2 1 1 1 1 1 1 1 0 2
1 1 0 2 0 2 0 0 0 0 1 1 1 2 1
1 0 0 2 1 1 2 0 1 0 0 1 1 0 2
2 1 0 2 2 1 1 2 1 2 0 1 1 2 2
0 1 1 0 1 2 0 1 0 2 1 1 0 1 0
0 0 0 0 2 0 0 0 0 0 2 1 0 0 1
1 1 2 2 1 0 0 0 1 2 1 1 2 1 0
2 0 1 0 1 1 2 2 2 2 1 1 1 0 0
0 1 0 1 2 0 2 0 0 2 2 2 0 2 1
0 0 0 2 2 2 2 2 2 0 0 0 0 1 0
1 1 2 2 2 0 2 2 2 1 1 1 2 1 0
1 1 1 2 0 1 0 0 1 1 1 2 1 2 2
0 0 0 2 1 1 1 2 1 0 1 0 2 2 0
1 5 5
output =1 1 2 2 2 2 5 2 1 0 2 0 2 0 2
1 0 2 0 2 5 5 2 0 2 5 5 2 1 1
0 0 2 0 0 2 5 5 5 5 5 5 5 0 2
1 1 0 2 0 2 0 0 0 0 5 5 5 2 1
1 0 0 2 1 1 2 0 1 0 0 5 5 0 2
2 1 0 2 2 1 1 2 1 2 0 5 5 2 2
0 1 1 0 1 2 0 1 0 2 5 5 0 1 0
0 0 0 0 2 0 0 0 0 0 2 5 0 0 1
1 1 2 2 1 0 0 0 1 2 5 5 2 1 0
2 0 1 0 1 1 2 2 2 2 5 5 5 0 0
0 1 0 1 2 0 2 0 0 2 2 2 0 2 1
0 0 0 2 2 2 2 2 2 0 0 0 0 1 0
1 1 2 2 2 0 2 2 2 1 1 1 2 1 0
1 1 1 2 0 1 0 0 1 1 1 2 1 2 2
0 0 0 2 1 1 1 2 1 0 1 0 2 2 0

case =7
input =15 15
4 6 4 5 5 4 4 4 5 5 6 6 4 4 6
6 6 4 5 6 4 6 6 6 5 5 4 6 4 5
4 5 5 5 6 6 5 4 5 5 5 5 4 6 6
6 5 5 4 5 4 5 6 5 5 6 4 5 6 5
5 4 6 5 5 5 6 6 4 4 4 6 6 4 6
6 6 6 4 6 6 5 4 5 4 5 6 4 6 4
4 6 4 6 5 6 5 6 6 5 5 6 4 6 5
4 4 6 5 6 4 4 5 5 5 5 4 4 6 4
5 4 4 5 4 5 4 4 5 6 6 6 6 6 6
4 6 4 4 4 4 5 4 6 6 4 5 4 5 6
5 5 4 4 6 4 6 5 6 4 6 5 6 4 4
6 5 4 6 5 4 4 6 5 5 5 6 6 5 5
5 5 6 4 6 5 4 5 5 4 5 5 4 5 5
4 5 5 4 5 6 4 4 5 6 6 6 6 6 4
6 6 6 4 6 4 4 5 6 6 5 6 5 6 4
14 6 8
output =4 6 4 5 5 4 4 4 5 5 6 6 4 4 6
6 6 4 5 6 4 6 6 6 5 5 4 6 4 5
4 5 5 5 6 6 5 4 5 5 5 5 4 6 6
6 5 5 4 5 4 5 6 5 5 6 4 5 6 5
5 4 6 5 5 5 6 6 4 4 4 6 6 4 6
6 6 6 4 6 6 5 4 5 4 5 6 4 6 4
8 6 4 6 5 6 5 6 6 5 5 6 4 6 5
8 8 6 5 6 4 4 5 5 5 5 4 4 6 4
5 8 8 5 8 5 4 4 5 6 6 6 6 6 6
4 6 8 8 8 8 5 4 6 6 4 5 4 5 6
5 5 8 8 6 8 6 5 6 4 6 5 6 4 4
6 5 8 6 5 8 8 6 5 5 5 6 6 5 5
5 5 6 4 6 5 8 5 5 4 5 5 4 5 5
4 5 5 4 5 6 8 8 5 6 6 6 6 6 4
6 6 6 4 6 8 8 5 6 6 5 6 5 6 4

case =8
input =20 20
2 1 2 1 1 1 1 1 2 1 2 1 3 2 2 1 1 2 1 2
3 2 3 1 2 3 1 3 2 3 1 3 3 3 2 2 2 2 2 3
2 3 2 2 3 3 1 2 2 3 3 1 2 1 2 1 2 1 3 3
1 3 1 1 2 3 2 1 1 2 1 2 2 2 2 3 1 3 1 2
3 2 1 2 2 3 2 3 2 2 1 1 3 1 2 2 3 2 3 3
2 1 3 2 1 3 2 1 1 1 1 1 1 2 3 2 3 2 1 3
3 3 3 3 2 1 1 2 1 2 3 3 3 1 3 3 3 3 2 2
3 3 2 3 3 2 2 2 2 2 3 3 2 1 2 1 1 3 3 3
1 3 1 1 1 2 2 2 3 1 3 3 1 2 1 3 2 3 2 2
2 3 2 3 2 1 2 3 1 2 1 2 3 3 1 1 2 1 3 3
2 2 1 3 3 2 1 2 2 1 1 3 2 2 1 1 3 1 1 3
2 3 2 2 3 2 1 2 1 2 3 1 3 1 3 1 1 2 3 1
3 1 3 1 2 3 2 1 3 3 2 3 2 3 2 1 3 3 3 2
2 2 1 1 2 2 1 2 1 3 1 2 1 3 3 3 1 3 2 1
3 1 2 3 1 3 2 1 3 3 1 1 3 1 1 2 3 2 1 2
1 1 3 1 2 1 3 1 2 3 1 3 2 3 2 1 1 2 3 2
1 3 3 3 1 1 2 3 1 3 3 1 2 1 1 3 2 1 2 3
3 3 2 3 1 3 2 3 1 3 2 3 2 1 2 3 2 2 3 1
2 1 3 2 2 3 1 2 1 3 1 1 3 1 2 2 3 1 1 3
2 1 3 3 1 1 1 1 3 1 3 2 2 2 3 2 2 1 2 3
13 9 3
output =2 1 2 1 1 1 1 1 2 1 2 1 3 2 2 1 1 2 1 2
3 2 3 1 2 3 1 3 2 3 1 3 3 3 2 2 2 2 2 3
2 3 2 2 3 3 1 2 2 3 3 1 2 1 2 1 2 1 3 3
1 3 1 1 2 3 2 1 1 2 1 2 2 2 2 3 1 3 1 2
3 2 1 2 2 3 2 3 2 2 1 1 3 1 2 2 3 2 3 3
2 1 3 2 1 3 2 1 1 1 1 1 1 2 3 2 3 2 1 3
3 3 3 3 2 1 1 2 1 2 3 3 3 1 3 3 3 3 2 2
3 3 2 3 3 2 2 2 2 2 3 3 2 1 2 1 1 3 3 3
1 3 1 1 1 2 2 2 3 1 3 3 1 2 1 3 2 3 2 2
2 3 2 3 2 1 2 3 1 2 1 2 3 3 1 1 2 1 3 3
2 2 1 3 3 2 1 2 2 1 1 3 2 2 1 1 3 1 1 3
2 3 2 2 3 2 1 2 1 2 3 1 3 1 3 1 1 2 3 1
3 1 3 1 2 3 2 1 3 3 2 3 2 3 2 1 3 3 3 2
2 2 1 1 2 2 1 2 1 3 1 2 1 3 3 3 1 3 2 1
3 1 2 3 1 3 2 1 3 3 1 1 3 1 1 2 3 2 1 2
1 1 3 1 2 1 3 1 2 3 1 3 2 3 2 1 1 2 3 2
1 3 3 3 1 1 2 3 1 3 3 1 2 1 1 3 2 1 2 3
3 3 2 3 1 3 2 3 1 3 2 3 2 1 2 3 2 2 3 1
2 1 3 2 2 3 1 2 1 3 1 1 3 1 2 2 3 1 1 3
2 1 3 3 1 1 1 1 3 1 3 2 2 2 3 2 2 1 2 3


=== P3 TC ===
case =1
input =3
1 0 1
0 0 0
1 0 1
output =2

case =2
input =3
1 0 0
0 0 0
1 0 0
output =3

case =3
input =3
1 0 0
0 0 0
0 0 0
output =4

case =4
input =5
1 0 0 0 0
0 1 0 0 0
0 0 1 0 0
0 0 0 1 0
0 0 0 0 1
output =4

case =5
input =7
1 1 1 1 1 1 1
1 0 0 0 0 0 0
1 0 0 0 0 0 0
1 0 0 0 0 0 0
1 0 0 0 0 0 0
1 0 0 0 0 0 0
1 0 0 0 0 0 0
output =6

case =6
input =7
1 0 1 0 1 0 1
1 0 1 0 1 0 1
1 0 1 0 1 0 1
1 0 1 0 1 0 1
1 0 1 0 1 0 1
1 0 1 0 1 0 1
1 0 1 0 1 0 1
output =1

case =7
input =7
1 1 1 1 1 1 1
1 1 1 0 1 1 1
1 1 0 0 0 1 1
1 0 0 0 0 0 1
1 1 0 0 0 1 1
1 1 1 0 1 1 1
1 1 1 1 1 1 1
output =3

case =8
input =11
1 1 1 1 1 0 1 1 1 1 1
1 1 1 1 0 0 0 1 1 1 1
1 1 1 0 0 0 0 0 1 1 1
1 1 0 0 0 0 0 0 0 1 1
1 0 0 0 0 0 0 0 0 0 1
0 0 0 0 0 0 0 0 0 0 0
1 0 0 0 0 0 0 0 0 0 1
1 1 0 0 0 0 0 0 0 1 1
1 1 1 0 0 0 0 0 1 1 1
1 1 1 1 0 0 0 1 1 1 1
1 1 1 1 1 0 1 1 1 1 1
output =6


