=== P1 TC ===

case =1
input =1807 7810
output =1A3B

case =2
input =1123 0111
output =1A1B

case =3
input =1231 4213
output =1A2B

case =4
input =123213131 321312312
output =2A6B

case =5
input =0822036636806592508359935 5549525600525974220510700
output =1A13B

case =6
input =143422134423414213343441141424 233343243224214442121224433433
output =5A18B

case =7
input =232311113112111231312131323323 333233221331112223123211333132
output =7A18B

case =8
input =52661869453455768284771617394883715320887432318195 78509269089489690493475718784279770164924165115423
output =8A31B

=== P2 TC ===

case =1
input =5
25 25 25 50 100
output =true

case =2
input =5
25 25 50 50 100
output =false

case =3
input =9
25 25 50 25 50 50 50 25 100
output =false

case =4
input =8
25 25 50 50 25 50 25 100
output =true

case =5
input =16
25 50 25 50 25 50 25 50 25 50 25 50 25 25 100 100
output =true

case =6
input =20
25 25 25 25 50 100 50 25 100 25 50 25 100 25 50 25 25 100 25 50 100
output =true

case =7
input =20
25 50 25 50 25 100 25 100 25 50 25 100 25 50 25 50 100 25 50 100
output =false

case =8
input =25
25 50 25 50 25 100 25 100 25 50 25 25 25 50 50 100 25 50 25 50 100 25 50 100 50
output =false


=== P3 TC ===

case =1
input =4 4
8 7 1 -2
7 6 2 -3
3 -1 -2 -4
-2 -3 -4 -7
output =9

case =2
input =4 4
5 4 2 -2
4 3 1 -3
2 2 -1 -4
-1 -1 -2 -5
output =8

case =3
input =5 5
30 26 23 21 18
24 17 14 13 10
22 16 9 6 3
19 12 8 5 2
15 11 7 4 1
output =0

case =4
input =5 5
30 26 23 21 18
24 17 14 13 10
6 3 -1 -1 -1
2 -2 -3 -4 -5
-2 -3 -4 -6 -7
output =12

case =5
input =6 7
42 41 40 39 38 37 36
34 30 29 -3 -4 -6 -7
23 22 -12 -13 -14 -16 -17
15 -11 -22 -23 -24 -26 -27
8 -21 -32 -33 -34 -36 -37
-31 -42 -43 -44 -45 -46 -47
output =28

case =6
input =6 7
42 41 40 39 38 37 -1
33 32 31 30 29 -2 -3
25 24 23 22 -4 -5 -6
17 16 15 -7 -8 -9 -10
9 8 -11 -12 -13 -14 -15
1 -16 -17 -18 -19 -20 -21
output =21

case =7
input =5 8
30 24 18 10 -34 -38 -40 -42
16 8 -18 -28 -42 -46 -49 -51
14 4 -20 -30 -45 -48 -50 -54
12 2 -23 -33 -48 -50 -54 -56
-1 -2 -33 -48 -50 -54 -56 -60
output =30

case =8
input =5 8
4 -3 -5 -7 -9 -11 -13 -15
2 -12 -17 -19 -21 -23 -25 -27
1 -14 -20 -26 -31 -33 -35 -37
-8 -16 -22 -28 -32 -36 -39 -41
-10 -18 -24 -30 -34 -38 -40 -42
output =37
