=== P1 TC ===
case =1
input =8 4
1 2 3 4 5 6 7 8
output =11

case =2
input =6 3
3 2 3 4 1 5
output =7

case =3
input =10 4
7 7 9 6 4 6 9 2 3 4
output =18

case =4
input =20 7
8 6 9 5 9 5 3 2 6 1 7 2 6 5 3 7 8 4 3 9
output =17

case =5
input =15 6
81 54 63 77 39 67 25 47 57 23 67 23 50 74 59
output =140

case =6
input =20 7
16 14 85 70 68 20 80 67 19 60 55 81 60 16 51 11 21 49 88 69
output =158

case =7
input =30 9
11 82 24 55 20 19 34 53 39 15 77 13 44 79 90 54 15 91 94 14 89 84 67 60 75 81 86 37 50 50
output =213

case =8
input =50 8
1 6 6 3 5 4 3 8 8 7 5 7 1 4 2 8 6 8 6 6 2 7 2 4 7 7 9 8 2 5 5 9 6 7 3 4 8 1 2 9 2 8 1 5 3 2 7 7 8 4
output =36



=== P2 TC ===
case =1
input =4 4
3 6 12 3
output =3

case =2
input =3 4
6 15 24
output =8

case =3
input =20 65
45 46 29 45 87 56 24 30 47 30 11 58 86 41 66 95 18 80 89 75
output =15

case =4
input =20 86
67 34 45 76 44 29 40 15 51 99 76 56 58 75 17 72 98 65 50 74
output =12

case =5
input =30 135
99 95 30 110 154 183 83 160 71 103 197 119 176 141 129 149 24 32 116 99 81 117 133 127 142 52 80 147 137 83
output =23

case =6
input =30 160
56 158 19 8 135 44 12 170 140 192 69 196 190 181 31 79 38 88 197 59 165 106 87 109 178 24 178 87 191 57
output =19

case =7
input =50 230
76 16 72 94 137 141 136 193 159 155 164 56 35 182 99 196 173 31 20 93 39 52 37 69 26 97 81 116 182 118 187 104 167 32 183 109 138 68 49 111 180 115 194 127 135 159 78 41 121 126
output =22

case =8
input =75 315
96 85 144 155 175 89 50 182 177 190 32 13 190 139 24 29 81 103 136 140 32 133 23 55 164 25 167 130 143 161 123 103 196 35 42 189 55 42 123 194 86 158 56 111 81 118 170 54 158 190 175 169 169 24 99 36 70 149 158 36 82 174 57 73 47 49 168 130 44 196 95 188 174 80 134
output =24
