=== P1 TC ===
case =1
input =15 20
2 3 10 11 19 27 44 46 47 48 69 77 82 90 95
4 10 13 15 25 27 31 35 53 55 65 66 67 68 71 76 82 92 94 96
output =10

case =2
input =20 25
3 8 14 21 24 28 32 40 41 42 45 52 61 71 75 76 85 87 92 97
4 6 10 12 20 22 33 40 47 50 52 59 63 65 66 67 72 74 77 83 91 93 95 96 97
output =40

case =3
input =25 40
5 9 16 21 22 24 27 29 34 35 40 44 45 47 56 58 59 66 67 71 79 86 91 92 93
2 10 11 12 13 17 18 20 23 24 25 26 30 33 34 35 36 37 38 41 44 46 49 51 55 59 64 65 68 71 77 83 86 88 90 91 95 96 98 100
output =24

case =4
input =40 25
4 6 8 9 10 11 13 14 16 17 19 21 23 25 25 26 30 36 39 41 42 47 48 51 53 55 64 68 72 77 79 83 84 86 92 94 97 98 99 100
15 20 22 24 27 28 29 31 44 48 50 53 56 59 64 65 72 77 82 87 98 100 112 123 115
output =48

case =5
input =20 35
13 16 19 21 22 24 30 46 49 60 66 71 75 82 84 87 88 96 99 100
10 11 20 23 26 31 33 34 35 36 38 39 44 45 46 47 48 49 58 59 60 63 66 71 73 74 78 79 81 85 86 91 92 97 99
output =46

case =6
input =40 20
9 16 21 23 43 51 55 56 62 63 65 66 77 78 89 93 94 95 97 99
5 8 12 13 17 22 24 25 29 30 31 32 34 37 38 42 47 48 52 53 55 56 58 62 63 64 67 68 71 73 75 77 84 86 90 92 94 96 99 100
output =55

case =7
input =50 25
28 30 31 34 35 37 38 39 41 43 44 45 46 48 50 52 54 58 59 62 65 68 69 76 78 82 84 89 92 93 94 96 99 101 107 110 112 115 116 117 118 123 125 126 128 130 131 135 136 145
13 16 18 32 33 36 40 42 51 53 56 57 60 64 71 75 77 81 86 91 95 98 100 112 126
output =112

case =8
input =25 40
13 16 18 25 32 37 41 42 51 53 56 57 60 63 71 75 77 88 90 91 97 101 105 112 114
1 3 4 7 14 23 28 30 31 33 34 35 36 38 40 43 44 45 46 48 50 52 54 58 59 62 65 68 69 76 78 82 84 89 92 93 94 96 99 100
output =-1

=== P2 TC ===
case =1
input =cfj
s
output =c

case =2
input =adghijl
f
output =g
   
case =3
input =bcdy
z
output =b

case =4
input =fjlrs
t
output =f

case =5
input =ghijlmnsxy
o
output =s
   
case =6
input =abcdefghi
j
output =a
   
case =7
input =xyz
x
output =y

case =8
input =aceghklmnxyz
i
output =k


=== P3 TC ===
case =1
input =512 32
output =32

case =2
input =763487 643
output =643

case =3
input =27438933 4353425
output =4353425

case =4
input =735983758 873453
output =873453

case =5
input =735983758 87398789
output =87398789

case =6
input =999999999 89437592
output =89437592

case =7
input =999999999 7592
output =7592

case =8
input =999999999 999999998
output =999999998


