=== P1 TC ===
case =1
input =5 5
1 4 7 11 15
2 5 8 12 19
3 6 9 16 22
10 13 14 17 24
18 21 23 26 30
5
output =true

case =2
input =5 5
1 4 7 11 15
2 5 8 12 19
3 6 9 16 22
10 13 14 17 24
18 21 23 26 30
20
output =false

case =3
input =6 7
1 2 3 4 5 6 7
8 9 10 11 12 13 14
15 16 17 18 19 20 21
22 23 24 25 26 27 28 
29 30 31 32 33 34 35
36 37 38 39 40 41 42
25
output =true

case =4
input =6 7
1 2 3 4 5 6 7
8 9 10 11 12 13 14
15 16 17 18 19 20 21
22 23 24 25 26 27 28 
29 30 31 32 33 34 35
36 37 38 39 40 41 42
48
output =false

case =5
input =5 8 
1 3 5 7 9 11 13 15
2 12 17 19 21 23 25 27
4 14 20 26 31 33 35 37
8 16 22 28 32 36 39 41
10 18 24 30 34 38 40 42
36
output =true

case =6
input =5 8 
1 3 5 7 9 11 13 15
2 12 17 19 21 23 25 27
4 14 20 26 31 33 35 37
8 16 22 28 32 36 39 41
10 18 24 30 34 38 40 42
6
output =false

case =7
input =8 8
11 14 17 21 25 28 29 32
13 25 27 31 34 37 40 45
15 26 30 35 38 41 46 51
20 33 36 39 42 43 47 54
44 48 49 52 53 56 58 60
50 55 57 59 65 72 78 83
62 64 66 68 71 75 79 86
53 73 74 85 88 92 95 99
71
output =true

case =8
input =8 8
11 14 17 21 25 28 29 32
13 25 27 31 34 37 40 45
15 26 30 35 38 41 46 51
20 33 36 39 42 43 47 54
44 48 49 52 53 56 58 60
50 55 57 59 65 72 78 83
62 64 66 68 71 75 79 86
53 73 74 85 88 92 95 99
76
output =false


=== P2 TC ===
case =1
input =5 5
1 4 7 11 15
22 25 28 32 39
43 46 49 56 62
70 73 74 77 84
88 91 93 96 99
73
output =true

case =2
input =5 5
1 4 7 11 15
22 25 28 32 39
43 46 49 56 62
70 73 74 77 84
88 91 93 96 99
79
output =false

case =3
input =6 7
1 2 3 4 5 6 7
8 9 10 11 12 13 14
15 16 17 18 19 20 21
22 23 24 25 26 27 28 
29 30 31 32 33 34 35
36 37 38 39 40 41 42
25
output =true

case =4
input =6 7
1 2 3 4 5 6 7
8 9 10 11 12 13 14
15 16 17 18 19 20 21
22 23 24 25 26 27 28 
29 30 31 32 33 34 35
36 37 38 39 40 41 42
48
output =false

case =5
input =5 8 
1 3 5 7 9 11 13 15
19 22 27 29 31 33 35 37
44 48 50 56 61 63 65 67
68 76 82 88 92 96 99 101
110 118 124 130 134 138 140 142
67
output =true

case =6
input =5 8 
1 3 5 7 9 11 13 15
19 22 27 29 31 33 35 37
44 48 50 56 61 63 65 67
68 76 82 88 92 96 99 101
110 118 124 130 134 138 140 142
135
output =false

case =7
input =8 8
1 4 7 11 15 18 19 22
23 25 27 31 34 37 40 45
46 48 50 53 56 59 63 69
70 73 76 79 82 83 87 94
104 108 109 112 113 116 118 120
122 125 127 129 135 137 138 139
142 144 146 148 151 155 159 166
173 175 177 185 188 192 195 199
142
output =true

case =8
input =8 8
1 4 7 11 15 18 19 22
23 25 27 31 34 37 40 45
46 48 50 53 56 59 63 69
70 73 76 79 82 83 87 94
104 108 109 112 113 116 118 120
122 125 127 129 135 137 138 139
142 144 146 148 151 155 159 166
173 175 177 185 188 192 195 199
66
output =false
