=== P1-TC ===
case =1
input =10
48 71 26 73 53 98 1 68 50 18
output =[48, 48, 49, 63, 63, 63, 50, 50, 50, 18]
     
case =2
input =10
18 43 81 86 44 68 20 52 85 57
output =[18, 43, 81, 81, 56, 56, 52, 52, 57, 57]
   
case =3
input =19
48 71 26 73 53 98 1 68 50 18 43 81 86 44 68 20 52 85 57
output =[48, 48, 49, 63, 63, 63, 50, 50, 50, 43, 43, 81, 81, 56, 56, 52, 52, 57, 57]

case =4
input =20
77 65 16 91 11 79 51 89 74 7 86 100 41 12 12 3 87 37 55 43
output =[77, 65, 54, 53, 53, 65, 65, 74, 74, 74, 86, 86, 41, 12, 12, 12, 46, 46, 46, 43]

case =5
input =25
6 98 100 74 12 48 47 86 20 53 49 54 29 86 67 12 81 57 49 31 67 27 51 52 41
output =[6, 98, 98, 74, 47, 47, 48, 51, 51, 51, 51, 51, 51, 67, 67, 57, 57, 57, 49, 49, 49, 49, 51, 51, 41]
   
case =6
input =25
797 508 957 174 265 240 30 374 970 947 113 807 934 684 843 394 599 656 240 855 618 103 419 667 97
output =[797, 733, 732, 240, 240, 240, 240, 374, 947, 947, 807, 807, 807, 764, 763, 599, 599, 599, 599, 618, 618, 419, 419, 419, 97]
   
case =7
input =30
20 1 46 29 37 35 18 20 4 27 12 5 41 16 11 21 47 35 24 26 33 40 31 9 50 10 45 42 27 45
output =[20, 20, 35, 35, 35, 35, 19, 19, 16, 15, 12, 12, 16, 16, 16, 21, 35, 35, 26, 26, 33, 33, 31, 30, 30, 30, 42, 42, 42, 45]

case =8
input =30
11 57 6 17 7 20 28 36 54 38 68 63 34 36 10 26 17 66 28 18 14 41 13 17 30 25 9 63 8 40
output =[11, 12, 12, 12, 12, 20, 28, 36, 46, 46, 63, 63, 35, 35, 21, 21, 22, 28, 28, 18, 18, 18, 17, 17, 25, 25, 25, 35, 36, 40]



=== P2-TC ===
case =1
input =25 34
4958 7120 475 2996 5282 3087 8538 1029 6477 9063 9597 6021 3560 6862 2583 8224 4784 7798 1394 5411 788 6464 3563 1952 583
output =2641

case =2
input =25 43
9086 7336 5001 8717 2040 3791 6612 4308 1161 7751 7274 6490 8687 1630 2245 7982 4761 5683 8677 58 7346 7213 6369 7042 613
output =2445

case =3
input =45 67
957 552 256 148 10 264 604 732 128 291 747 924 580 869 867 796 638 591 759 859 200 213 107 981 174 606 50 959 895 975 484 531 184 588 101 417 368 448 311 969 280 100 448 618 421
output =264

case =4
input =45 99
957 552 256 148 10 264 604 732 128 291 747 924 580 869 867 796 638 591 759 859 200 213 107 981 174 606 50 959 895 975 484 531 184 588 101 417 368 448 311 969 280 100 448 618 421
output =193

case =5
input =50 877
72125 83155 97202 86502 29039 36988 26543 7886 12209 91361 18790 98013 95556 35842 3465 19882 56887 83163 92201 42617 40865 59019 3545 43407 68639 59635 81095 75854 13955 32867 67400 14847 3359 41985 88213 10532 22342 66261 98870 46214 50934 43994 78562 38576 30346 11931 86370 8844 90720 19772
output =2760

case =6
input =50 8767
72125 83155 97202 86502 29039 36988 26543 7886 12209 91361 18790 98013 95556 35842 3465 19882 56887 83163 92201 42617 40865 59019 3545 43407 68639 59635 81095 75854 13955 32867 67400 14847 3359 41985 88213 10532 22342 66261 98870 46214 50934 43994 78562 38576 30346 11931 86370 8844 90720 19772
output =283

case =7
input =100 7643
10443 92744 84541 49276 96684 78862 34609 99341 32036 43831 48502 58883 51975 70622 26833 87776 10153 15145 24422 82662 10629 11683 40255 20943 62128 9518 72654 19059 13335 56856 41880 54876 25984 99806 22007 24274 31584 10661 16015 26012 62918 98440 65675 53451 50471 24032 80448 39908 89484 52779 9245 65911 34753 28319 73767 16086 27812 34169 27857 24982 28228 95589 40655 50682 92953 2592 94376 25946 23651 16617 19701 60246 21169 12268 60219 88171 26701 89930 54048 48902 58283 70557 50649 14074 41334 3267 14181 27620 831 29525 77369 58573 11744 52959 76376 69179 99245 23159 20170 66387
output =591

case =8
input =100 3644
10443 92744 84541 49276 96684 78862 34609 99341 32036 43831 48502 58883 51975 70622 26833 87776 10153 15145 24422 82662 10629 11683 40255 20943 62128 9518 72654 19059 13335 56856 41880 54876 25984 99806 22007 24274 31584 10661 16015 26012 62918 98440 65675 53451 50471 24032 80448 39908 89484 52779 9245 65911 34753 28319 73767 16086 27812 34169 27857 24982 28228 95589 40655 50682 92953 2592 94376 25946 23651 16617 19701 60246 21169 12268 60219 88171 26701 89930 54048 48902 58283 70557 50649 14074 41334 3267 14181 27620 831 29525 77369 58573 11744 52959 76376 69179 99245 23159 20170 66387
output =1231


=== P3-TC ===
case =1
input =10 50
2 4 6 8 10 12 14 16 18 20
output =9.28571

case =2
input =10 25
2 4 6 8 10 12 14 16 18 20
output =10.28571

case =3
input =5 75
2 8 3 12 9
output =4.45454

case =4
input =5 50
3 5 8 10 14
output =6.85714

case =5
input =7 65
20 20 20 20 20 20 20
output =20.00000

case =6
input =20 90
37 77 57 80 87 28 81 65 94 39 30 45 31 18 97 32 67 16 25 66
output =32.43373

case =7
input =15 60
50 50 50 75 75 150 125 250 250 375 600 750 1200 1500 1800
output =312.71930

case =8
input =15 75
250 200 150 100 75 50 300 25 1400 1200 1300 900 1100 700 500
output =300.00000
