=== Program-1 ===
case =1
input =10
2 3 7 8 12 15 16 17 19 20
output =[10, 9, 8, 7, 6, 5, 4, RunnerUp-2, RunnerUp-1, Champion]

case =2
input =20
66 151 56 115 94 71 36 102 104 57 183 97 10 195 123 187 128 200 64 153
output =[15, 6, 18, 9, 13, 14, 19, 11, 10, 17, 4, 12, 20, RunnerUp-1, 8, RunnerUp-2, 7, Champion, 16, 5]

case =3
input =20
5 138 97 148 62 157 65 8 159 67 182 186 78 113 87 152 102 185 124 50
output =[20, 8, 12, 7, 17, 5, 16, 19, 4, 15, RunnerUp-2, Champion, 14, 10, 13, 6, 11, RunnerUp-1, 9, 18]

case =4
input =50
125 105 36 51 174 53 113 124 153 7 34 148 9 146 94 104 12 150 167 141 1 90 100 89 85 155 14 11 147 72 172 182 128 87 109 18 111 59 57 173 116 68 166 3 195 127 184 63 62 58
output =[18, 24, 41, 40, 4, 39, 21, 19, 10, 48, 42, 12, 47, 14, 27, 25, 45, 11, 7, 15, 50, 28, 26, 29, 31, 9, 44, 46, 13, 32, 6, RunnerUp-2, 16, 30, 23, 43, 22, 36, 38, 5, 20, 33, 8, 49, Champion, 17, RunnerUp-1, 34, 35, 37]

case =5
input =50
34 115 133 93 130 181 156 186 166 161 153 165 193 167 177 99 81 180 23 10 164 28 103 145 57 25 105 176 106 113 107 168 7 54 196 116 79 62 126 117 151 162 72 98 195 38 52 159 21 2
output =[43, 26, 21, 34, 22, 5, 17, 4, 11, 15, 18, 12, RunnerUp-2, 10, 7, 32, 35, 6, 46, 48, 13, 44, 31, 20, 39, 45, 30, 8, 29, 27, 28, 9, 49, 40, Champion, 25, 36, 38, 23, 24, 19, 14, 37, 33, RunnerUp-1, 42, 41, 16, 47, 50]


case =6
input =50
107 56 99 132 96 12 45 173 180 108 84 185 144 134 66 4 10 175 67 174 128 192 158 50 60 23 194 5 123 115 3 21 147 137 82 138 47 59 95 28 193 181 178 133 151 139 39 176 30 49
output =[26, 36, 27, 21, 28, 46, 40, 11, 6, 25, 30, 4, 15, 19, 33, 49, 47, 9, 32, 10, 22, RunnerUp-2, 12, 37, 34, 44, Champion, 48, 23, 24, 50, 45, 14, 18, 31, 17, 39, 35, 29, 43, RunnerUp-1, 5, 7, 20, 13, 16, 41, 8, 42, 38]


case =7
input =15
9 138 134 200 123 102 33 103 48 140 16 96 139 87 39
output =[15, 4, 5, Champion, 6, 8, 13, 7, 11, RunnerUp-1, 14, 9, RunnerUp-2, 10, 12]

case =8
input =15
130 127 97 110 60 37 161 16 159 118 183 15 88 191 133
output =[6, 7, 10, 9, 12, 13, RunnerUp-2, 14, 4, 8, RunnerUp-1, 15, 11, Champion, 5]



=== Program-2 ===
case =1
input =5 4
16 100 625 81 9
output =49

case =2
input =5 8
1 1 1 1 1
output =5

case =3
input =5 8
16 100 625 81 9
output =18

case =4
input =10 8
4096 1024 16 100 625 81 256 729 10000 2401
output =420

case =5
input =10 15
4096 1024 16 100 625 81 256 729 10000 2401
output =91

case =6
input =10 12
4096 1024 16 100 625 81 256 729 10000 2401
output =160

case =7
input =20 25
4096 1024 65536 117649 16 531441 20736 100 104976 30625 625 81 256 729 10000 2401 15625 262144 390625 28561
output =931

case =8
input =20 15
4096 1024 65536 117649 16 531441 20736 100 104976 30625 625 81 256 729 10000 2401 15625 262144 390625 28561
output =4752



=== Program-3 ===
case =1
input =2 7 4 1 8 1
output =1

case =2
input =18 4 12 4 16 4 16 9 7 11
output =1

case =3
input =11 6 33 36 30 39 35 4 33 8 6 35 42 26 40
output =2

case =4
input =11 12 20 21 65 6 7 8 9 10
output =3

case =5
input =69 84 60 80 78 82 74 78 74 70 73 77 68 83 69 63 64 61 82
output =47

case =6
input =81 54 40 69 77 42 81 74 44 40 71 50 68 78 58 59 73 85 84
output =14

case =7
input =55 70 55 82 63 83 55 62 45 84 67 45 79 67 43 60 51 63 59 77 68 65 61 48 78
output =25

case =8
input =68 51 59 71 73 66 58 74 50 51 64 64 63 71 70 67 51 60 66 70 56 53 62 62 56
output =42
